,0
paper_id,0
title,0
abstract,1163
back_matter,2006
names,0
affiliations,0
